100 0
200 0
300 0
400 0
500 0
600 0
700 0
800 0
900 0
1000 0
100 0.25
200 0.25
300 0.25
400 0.25
500 0.25
600 0.25
700 0.25
800 0.25
900 0.25
1000 0.25
100 0.5
200 0.5
300 0.5
400 0.5
500 0.5
600 0.5
700 0.5
800 0.5
900 0.5
1000 0.5
100 0.75
200 0.75
300 0.75
400 0.75
500 0.75
600 0.75
700 0.75
800 0.75
900 0.75
1000 0.75
100 1
200 1
300 1
400 1
500 1
600 1
700 1
800 1
900 1
1000 1
100 1.25
200 1.25
300 1.25
400 1.25
500 1.25
600 1.25
700 1.25
800 1.25
900 1.25
1000 1.25
100 1.5
200 1.5
300 1.5
400 1.5
500 1.5
600 1.5
700 1.5
800 1.5
900 1.5
1000 1.5
100 1.75
200 1.75
300 1.75
400 1.75
500 1.75
600 1.75
700 1.75
800 1.75
900 1.75
1000 1.75
100 2
200 2
300 2
400 2
500 2
600 2
700 2
800 2
900 2
1000 2
100 2.15
200 2.15
300 2.15
400 2.15
500 2.15
600 2.15
700 2.15
800 2.15
900 2.15
1000 2.15
100 2.3
200 2.3
300 2.3
400 2.3
500 2.3
600 2.3
700 2.3
800 2.3
900 2.3
1000 2.3
